0.000000 0.000000
0.063467 0.063424
0.126933 0.126592
0.190400 0.189251
0.253866 0.251148
0.317333 0.312033
0.380799 0.371662
0.444266 0.429795
0.507732 0.486197
0.571199 0.540641
0.634665 0.592908
0.698132 0.642788
0.761598 0.690079
0.825065 0.734592
0.888531 0.776146
0.951998 0.814576
1.015464 0.849725
1.078931 0.881453
1.142397 0.909632
1.205864 0.934148
1.269330 0.954902
1.332797 0.971812
1.396263 0.984808
1.459730 0.993838
1.523196 0.998867
1.586663 0.999874
1.650129 0.996855
1.713596 0.989821
1.777063 0.978802
1.840529 0.963842
1.903996 0.945001
1.967462 0.922354
2.030929 0.895994
2.094395 0.866025
2.157862 0.832570
2.221328 0.795762
2.284795 0.755750
2.348261 0.712694
2.411728 0.666769
2.475194 0.618159
2.538661 0.567060
2.602127 0.513677
2.665594 0.458227
2.729060 0.400931
2.792527 0.342020
2.855993 0.281733
2.919460 0.220311
2.982926 0.158001
3.046393 0.095056
3.109859 0.031728
3.173326 -0.031728
3.236792 -0.095056
3.300259 -0.158001
3.363725 -0.220311
3.427192 -0.281733
3.490659 -0.342020
3.554125 -0.400931
3.617592 -0.458227
3.681058 -0.513677
3.744525 -0.567060
3.807991 -0.618159
3.871458 -0.666769
3.934924 -0.712694
3.998391 -0.755750
4.061857 -0.795762
4.125324 -0.832570
4.188790 -0.866025
4.252257 -0.895994
4.315723 -0.922354
4.379190 -0.945001
4.442656 -0.963842
4.506123 -0.978802
4.569589 -0.989821
4.633056 -0.996855
4.696522 -0.999874
4.759989 -0.998867
4.823455 -0.993838
4.886922 -0.984808
4.950388 -0.971812
5.013855 -0.954902
5.077321 -0.934148
5.140788 -0.909632
5.204254 -0.881453
5.267721 -0.849725
5.331188 -0.814576
5.394654 -0.776146
5.458121 -0.734592
5.521587 -0.690079
5.585054 -0.642788
5.648520 -0.592908
5.711987 -0.540641
5.775453 -0.486197
5.838920 -0.429795
5.902386 -0.371662
5.965853 -0.312033
6.029319 -0.251148
6.092786 -0.189251
6.156252 -0.126592
6.219719 -0.063424
6.283185 -0.000000
